"day" "mouse" "volume" "group"
1 11 119.4 1
4 11 251.3 1
6 11 245.5 1
8 11 377.5 1
11 11 401.2 1
13 11 435.9 1
15 11 691 1
18 11 1066.6 1
1 12 649 1
4 12 916.2 1
6 12 998.4 1
8 12 1051.2 1
1 13 64.1 1
4 13 68.8 1
6 13 99.8 1
8 13 106 1
11 13 163.4 1
13 13 159.7 1
15 13 226.5 1
18 13 425.9 1
20 13 989.8 1
1 14 48.7 1
4 14 57.6 1
6 14 74.1 1
8 14 106.2 1
11 14 123.6 1
13 14 116.5 1
15 14 121.8 1
18 14 113.7 1
20 14 121 1
22 14 65.1655 1
25 14 83.106 1
27 14 69.12 1
29 14 77.5 1
32 14 57.132 1
34 14 88.704 1
36 14 52.9 1
39 14 38.808 1
1 15 164.8 1
4 15 392.4 1
6 15 358.1 1
8 15 554.9 1
11 15 718.8 1
13 15 717.3 1
15 15 1039.5 1
1 16 488.7 1
4 16 1029.4 1
1 17 193.6 1
4 17 441.8 1
6 17 292.4 1
8 17 468.3 1
11 17 1366.9 1
1 18 82.5 1
4 18 329.1 1
6 18 541.5 1
8 18 549.8 1
11 18 691.5 1
13 18 944.8 1
1 21 143.7 2
4 21 183 2
6 21 220.3 2
8 21 146.9 2
11 21 186.6 2
13 21 222.4 2
15 21 190.4 2
18 21 242 2
20 21 435.7 2
22 21 412.1 2
25 21 598 2
27 21 962.6 2
1 22 491.9 2
4 22 795.7 2
6 22 1428.3 2
1 23 28.8 2
4 23 47.6 2
6 23 46.2 2
8 23 35.7 2
11 23 45.5 2
13 23 44.4 2
15 23 36.8 2
18 23 35.2 2
20 23 35.2 2
22 23 51.8 2
1 24 177.5 2
4 24 270.1 2
6 24 1065.7 2
1 25 152.6 2
4 25 217.6 2
6 25 321 2
8 25 415.9 2
11 25 528.8 2
13 25 594.1 2
15 25 662.7 2
18 25 1164.9 2
20 25 1164.3 2
1 26 87.7 2
4 26 82.9 2
6 26 148.8 2
8 26 154.4 2
11 26 149.9 2
13 26 158.8 2
15 26 168.3 2
18 26 133 2
20 26 139.2 2
22 26 240.3 2
25 26 397.4 2
27 26 431.7 2
29 26 426.3 2
32 26 655 2
34 26 749.088 2
36 26 953.344 2
1 28 230.3 2
4 28 700.4 2
6 28 998.5 2
8 28 1063 2
1 31 247.8 3
4 31 524.8 3
6 31 767.1 3
8 31 741.6 3
11 31 815.4 3
13 31 861.9 3
15 31 847.2 3
18 31 1467.1 3
1 32 62.4 3
4 32 142.9 3
6 32 165.6 3
8 32 188.5 3
11 32 217.3 3
13 32 303.2 3
15 32 347.7 3
18 32 495.1 3
20 32 396.7 3
1 33 32 3
4 33 67.2 3
6 33 111 3
8 33 116.6 3
11 33 150.8 3
13 33 144.5 3
15 33 210.4 3
18 33 476.2 3
20 33 465.9 3
22 33 631.8 3
25 33 728.3 3
27 33 1035 3
1 34 17.1 3
4 34 32.7 3
6 34 43.6 3
8 34 42.6 3
11 34 45.5 3
13 34 43.6 3
15 34 44.4 3
18 34 31 3
20 34 37 3
22 34 42.3 3
25 34 73.2 3
27 34 138.9 3
29 34 150 3
32 34 278.4 3
34 34 317.52 3
36 34 515.1505 3
1 35 103.5 3
4 35 352 3
6 35 285.8 3
8 35 317.5 3
11 35 314.9 3
13 35 266.8 3
15 35 112.1 3
18 35 137.7 3
20 35 114.9 3
22 35 187.9 3
25 35 242.4 3
27 35 321.4 3
29 35 421.2 3
32 35 413.1 3
34 35 508.086 3
36 35 668.367 3
39 35 1071.648 3
1 36 124.9 3
4 36 249.6 3
6 36 250.3 3
8 36 265.7 3
11 36 289.1 3
13 36 292.8 3
15 36 322.8 3
18 36 415.2 3
20 36 535.6 3
22 36 805.8 3
25 36 972 3
1 37 111.6 3
4 37 422 3
6 37 585.8 3
8 37 701.8 3
11 37 874.6 3
13 37 794.7 3
15 37 833.2 3
18 37 1617.4 3
1 38 557 3
4 38 752.3 3
6 38 751.6 3
8 38 794.7 3
11 38 726.9 3
13 38 505.4 3
15 38 397.4 3
18 38 461.3 3
20 38 301.2 3
22 38 493 3
25 38 603.6 3
27 38 977.5 3
1 41 37.6 4
4 41 107.9 4
6 41 95.6 4
8 41 102.6 4
11 41 90.9 4
13 41 81.6 4
15 41 50.8 4
18 41 33.6 4
20 41 20.7 4
22 41 24.3 4
25 41 30.4 4
27 41 37.9 4
29 41 37.9 4
32 41 30.4 4
1 42 586.6 4
4 42 1341.5 4
1 43 74.4 4
4 43 178.2 4
6 43 269.8 4
8 43 320.2 4
11 43 370.4 4
13 43 388.1 4
15 43 663.1 4
18 43 893.3 4
20 43 1062.1 4
1 44 83.1 4
4 44 215 4
6 44 174.1 4
8 44 348.5 4
11 44 360.1 4
13 44 376.2 4
15 44 409.9 4
18 44 358.2 4
20 44 415.9 4
22 44 882.9 4
25 44 1191.5 4
1 45 386 4
4 45 707.5 4
6 45 1009.8 4
1 46 588.8 4
4 46 980.9 4
6 46 997.2 4
1 47 234.5 4
4 47 509 4
6 47 529.3 4
8 47 572.2 4
11 47 566.2 4
1 48 72.5 4
4 48 141.5 4
6 48 113.5 4
8 48 117.2 4
11 48 106 4
13 48 89.9 4
15 48 66.7 4
18 48 62.9 4
20 48 50.6 4
22 48 71.9 4
25 48 57.7 4
27 48 81.8 4
29 48 51.2 4
32 48 37.6 4
34 48 22.05 4
1 51 27.2 5
4 51 38 5
6 51 78.7 5
8 51 83.2 5
11 51 104 5
13 51 96.8 5
15 51 102.1 5
18 51 102.9 5
20 51 166.5 5
22 51 231.2 5
25 51 303.1 5
27 51 447 5
29 51 589.5 5
32 51 992.2 5
1 52 178 5
4 52 383.3 5
6 52 655 5
8 52 755.6 5
11 52 1081.3 5
1 53 226.6 5
4 53 842.7 5
6 53 1076.9 5
1 54 307.2 5
4 54 1350.2 5
1 55 33.6 5
4 55 120.9 5
6 55 280.1 5
8 55 557.6 5
11 55 1912.5 5
1 56 254.6 5
4 56 1022.5 5
1 57 191.6 5
4 57 657.3 5
6 57 1467.1 5
