   1.5384615e-01   6.6426172e+00   3.1000000e+01
   2.0512821e-01   6.6088100e+00   3.1000000e+01
   2.8205128e-01   6.7036788e+00   3.1000000e+01
   3.3333333e-01   6.7591393e+00   3.1000000e+01
   3.8461538e-01   6.7419368e+00   3.1000000e+01
   4.6153846e-01   7.2910429e+00   3.1000000e+01
   1.5384615e-01   5.1095752e+00   3.2000000e+01
   2.0512821e-01   5.2390980e+00   3.2000000e+01
   2.8205128e-01   5.3812789e+00   3.2000000e+01
   3.3333333e-01   5.7143927e+00   3.2000000e+01
   3.8461538e-01   5.8513400e+00   3.2000000e+01
   4.6153846e-01   6.2047598e+00   3.2000000e+01
   5.1282051e-01   5.9831803e+00   3.2000000e+01
   1.5384615e-01   4.7095302e+00   3.3000000e+01
   2.0512821e-01   4.7587493e+00   3.3000000e+01
   2.8205128e-01   5.0159545e+00   3.3000000e+01
   3.3333333e-01   4.9732795e+00   3.3000000e+01
   3.8461538e-01   5.3490105e+00   3.3000000e+01
   4.6153846e-01   6.1658379e+00   3.3000000e+01
   5.1282051e-01   6.1439710e+00   3.3000000e+01
   5.6410256e-01   6.4485729e+00   3.3000000e+01
   6.4102564e-01   6.5907131e+00   3.3000000e+01
   6.9230769e-01   6.9421567e+00   3.3000000e+01
   1.5384615e-01   3.7750572e+00   3.4000000e+01
   2.0512821e-01   3.7518543e+00   3.4000000e+01
   2.8205128e-01   3.8177123e+00   3.4000000e+01
   3.3333333e-01   3.7750572e+00   3.4000000e+01
   3.8461538e-01   3.7932395e+00   3.4000000e+01
   4.6153846e-01   3.4339872e+00   3.4000000e+01
   5.1282051e-01   3.6109179e+00   3.4000000e+01
   5.6410256e-01   3.7447871e+00   3.4000000e+01
   6.4102564e-01   4.2931954e+00   3.4000000e+01
   6.9230769e-01   4.9337542e+00   3.4000000e+01
   7.4358974e-01   5.0106353e+00   3.4000000e+01
   8.2051282e-01   5.6290589e+00   3.4000000e+01
   8.7179487e-01   5.7605408e+00   3.4000000e+01
   9.2307692e-01   6.2444591e+00   3.4000000e+01
   1.5384615e-01   5.6552923e+00   3.5000000e+01
   2.0512821e-01   5.7604778e+00   3.5000000e+01
   2.8205128e-01   5.7522551e+00   3.5000000e+01
   3.3333333e-01   5.5864993e+00   3.5000000e+01
   3.8461538e-01   4.7193913e+00   3.5000000e+01
   4.6153846e-01   4.9250774e+00   3.5000000e+01
   5.1282051e-01   4.7440622e+00   3.5000000e+01
   5.6410256e-01   5.2359099e+00   3.5000000e+01
   6.4102564e-01   5.4905893e+00   3.5000000e+01
   6.9230769e-01   5.7726865e+00   3.5000000e+01
   7.4358974e-01   6.0431078e+00   3.5000000e+01
   8.2051282e-01   6.0236897e+00   3.5000000e+01
   8.7179487e-01   6.2306507e+00   3.5000000e+01
   9.2307692e-01   6.5048374e+00   3.5000000e+01
   1.0000000e+00   6.9769529e+00   3.5000000e+01
   1.5384615e-01   5.5226602e+00   3.6000000e+01
   2.0512821e-01   5.5823679e+00   3.6000000e+01
   2.8205128e-01   5.6667726e+00   3.6000000e+01
   3.3333333e-01   5.6794898e+00   3.6000000e+01
   3.8461538e-01   5.7770329e+00   3.6000000e+01
   4.6153846e-01   6.0287603e+00   3.6000000e+01
   5.1282051e-01   6.2833876e+00   3.6000000e+01
   5.6410256e-01   6.6918356e+00   3.6000000e+01
   6.4102564e-01   6.8793558e+00   3.6000000e+01
   1.5384615e-01   6.3729784e+00   3.7000000e+01
   2.0512821e-01   6.5536485e+00   3.7000000e+01
   2.8205128e-01   6.7737666e+00   3.7000000e+01
   3.3333333e-01   6.6779647e+00   3.7000000e+01
   3.8461538e-01   6.7252737e+00   3.7000000e+01
   4.6153846e-01   7.3885752e+00   3.7000000e+01
   1.5384615e-01   6.6222043e+00   3.8000000e+01
   2.0512821e-01   6.6779647e+00   3.8000000e+01
   2.8205128e-01   6.5887889e+00   3.8000000e+01
   3.3333333e-01   6.2253502e+00   3.8000000e+01
   3.8461538e-01   5.9849433e+00   3.8000000e+01
   4.6153846e-01   6.1340486e+00   3.8000000e+01
   5.1282051e-01   5.7077745e+00   3.8000000e+01
   5.6410256e-01   6.2005092e+00   3.8000000e+01
   6.4102564e-01   6.4029117e+00   3.8000000e+01
   6.9230769e-01   6.8849983e+00   3.8000000e+01
