   1.5384615e-01   5.5032969e+00   1.1000000e+01
   2.0512821e-01   5.9335706e+00   1.1000000e+01
   2.8205128e-01   5.9944601e+00   1.1000000e+01
   3.3333333e-01   6.0774129e+00   1.1000000e+01
   3.8461538e-01   6.5381398e+00   1.1000000e+01
   4.6153846e-01   6.9722313e+00   1.1000000e+01
   1.5384615e-01   4.6031682e+00   1.3000000e+01
   2.0512821e-01   4.6634391e+00   1.3000000e+01
   2.8205128e-01   5.0962012e+00   1.3000000e+01
   3.3333333e-01   5.0732971e+00   1.3000000e+01
   3.8461538e-01   5.4227449e+00   1.3000000e+01
   4.6153846e-01   6.0542046e+00   1.3000000e+01
   5.1282051e-01   6.8975029e+00   1.3000000e+01
   1.5384615e-01   5.8808123e+00   1.5000000e+01
   2.0512821e-01   6.3187879e+00   1.5000000e+01
   2.8205128e-01   6.5775832e+00   1.5000000e+01
   3.3333333e-01   6.5754942e+00   1.5000000e+01
   3.8461538e-01   6.9464951e+00   1.5000000e+01
   1.5384615e-01   5.6781227e+00   1.7000000e+01
   2.0512821e-01   6.1491091e+00   1.7000000e+01
   2.8205128e-01   7.2203007e+00   1.7000000e+01
   1.5384615e-01   6.2943431e+00   1.8000000e+01
   2.0512821e-01   6.3095546e+00   1.8000000e+01
   2.8205128e-01   6.5388632e+00   1.8000000e+01
   3.3333333e-01   6.8509733e+00   1.8000000e+01
